2.0 0.5048363095238095 0.3080357142857143 0.22147817460317454 0.3740079365079365
1.0 0.3706597222222222 0.47255291005291 0.06026785714285715 0.18055555555555552
2.0 0.5267857142857143 0.5099206349206349 0.13988095238095233 0.18584656084656087
2.0 0.5122767857142857 0.7627314814814815 0.09796626984126983 0.1431878306878307
2.0 0.4977678571428571 0.836309523809524 0.11408730158730157 0.10449735449735453
2.0 0.3356894841269842 0.9166666666666667 0.06026785714285715 0.0813492063492064
2.0 0.12103174603174603 0.6258267195767195 0.064484126984127 0.11342592592592593
2.0 0.026909722222222224 0.6800595238095238 0.04588293650793651 0.08366402116402116
2.0 0.03273809523809523 0.9464285714285714 0.03075396825396825 0.06216931216931221
1.0 0.1639384920634921 0.8206018518518519 0.03422619047619049 0.057208994708994765
2.0 0.05406746031746032 0.18138227513227517 0.06150793650793651 0.09689153439153439
1.0 0.17485119047619047 0.18485449735449735 0.03025793650793651 0.06283068783068785
2.0 0.3020833333333333 0.1939484126984127 0.03323412698412698 0.11408730158730157
3.0 0.9176587301587301 0.11755952380952381 0.12797619047619047 0.22453703703703703
2.0 0.8389136904761905 0.3741732804232804 0.050843253968253954 0.14583333333333337
2.0 0.9401041666666665 0.398478835978836 0.11979166666666663 0.09523809523809523
2.0 0.7160218253968254 0.12996031746031747 0.07688492063492058 0.1283068783068783
