3.0 0.06374007936507936 0.06349206349206349 0.11160714285714285 0.12632275132275134
2.0 0.12512400793650794 0.2501653439153439 0.04191468253968254 0.0710978835978836
2.0 0.32738095238095244 0.08449074074074074 0.04017857142857145 0.07969576719576718
2.0 0.5427827380952381 0.25148809523809523 0.03844246031746035 0.08895502645502648
1.0 0.5333581349206349 0.04298941798941798 0.023065476190476164 0.06613756613756613
2.0 0.5122767857142857 0.5406746031746031 0.0473710317460318 0.12896825396825395
2.0 0.43799603174603174 0.5631613756613756 0.034226190476190466 0.05886243386243384
3.0 0.642609126984127 0.4451058201058201 0.10218253968253965 0.1646825396825397
2.0 0.6197916666666667 0.5773809523809523 0.0803571428571429 0.05753968253968256
2.0 0.24801587301587302 0.7308201058201058 0.02777777777777779 0.04034391534391535
