2.0 0.5562996031746031 0.3835978835978836 0.12103174603174605 0.32671957671957674
1.0 0.47718253968253976 0.4859457671957672 0.04662698412698418 0.18816137566137564
1.0 0.45027281746031744 0.623015873015873 0.050843253968253954 0.10449735449735453
3.0 0.3570188492063492 0.7084986772486772 0.10739087301587302 0.15443121693121686
3.0 0.5342261904761905 0.8576388888888888 0.13938492063492058 0.1253306878306878
2.0 0.785094246031746 0.527281746031746 0.09548611111111116 0.06448412698412698
2.0 0.9616815476190477 0.5618386243386244 0.05183531746031744 0.06613756613756616
2.0 0.1396329365079365 0.6906415343915344 0.055555555555555566 0.07308201058201058
2.0 0.17894345238095238 0.05324074074074074 0.059771825396825407 0.10582010582010581
2.0 0.9675099206349205 0.10846560846560846 0.06498015873015872 0.11177248677248679
