1.0 0.584325396825397 0.4981812169312169 0.025793650793650813 0.09424603174603174
0.0 0.4556051587301587 0.6370701058201058 0.019841269841269826 0.038690476190476164
1.0 0.47185019841269843 0.8024140211640212 0.022073412698412676 0.05125661375661372
0.0 0.15215773809523808 0.38955026455026454 0.020089285714285726 0.036375661375661394
0.0 0.018725198412698412 0.2761243386243386 0.029513888888888888 0.054894179894179884
0.0 0.045882936507936505 0.14980158730158727 0.015376984126984128 0.04166666666666666
0.0 0.10044642857142858 0.22255291005291006 0.024305555555555552 0.04100529100529102
2.0 0.2734375 0.7777777777777779 0.03348214285714285 0.041005291005291045
2.0 0.031374007936507936 0.9599867724867726 0.029017857142857147 0.044973544973545
0.0 0.8387896825396826 0.16435185185185186 0.021329365079365115 0.05026455026455026
0.0 0.7192460317460319 0.29298941798941797 0.02182539682539686 0.044973544973545
