0 0.14546130952380953 0.10267857142857142 0.04439484126984127 0.10218253968253968
0 0.12562003968253968 0.21941137566137567 0.03695436507936508 0.09226190476190477
0 0.2041170634920635 0.19014550264550265 0.032242063492063495 0.14616402116402116
0 0.13020833333333334 0.04282407407407408 0.03125 0.06382275132275132
0 0.017981150793650792 0.5373677248677249 0.02703373015873016 0.12235449735449735
0 0.051215277777777776 0.6015211640211641 0.03943452380952381 0.06944444444444445
0 0.09970238095238096 0.96494708994709 0.021825396825396824 0.0701058201058201
0 0.3151041666666667 0.9378306878306878 0.05233134920634921 0.06084656084656084
0 0.3869047619047619 0.6802248677248677 0.024305555555555556 0.10383597883597884
0 0.4408482142857143 0.1076388888888889 0.03993055555555555 0.12003968253968254
0 0.3523065476190476 0.19345238095238096 0.0726686507936508 0.17923280423280424
0 0.4758184523809524 0.9125330687830688 0.019593253968253968 0.07903439153439154
0 0.7275545634920635 0.7547949735449735 0.047867063492063495 0.148478835978836
0 0.7684771825396826 0.49255952380952384 0.023561507936507936 0.20072751322751323
0 0.7956349206349206 0.49503968253968256 0.06746031746031746 0.21296296296296297
0 0.8996775793650794 0.5115740740740741 0.06820436507936507 0.15542328042328044
0 0.8844246031746031 0.6011904761904762 0.03869047619047619 0.12235449735449735
0 0.9665178571428571 0.8210978835978836 0.032242063492063495 0.07936507936507936
0 0.9229910714285714 0.09937169312169312 0.04092261904761905 0.12136243386243387
0 0.9145585317460317 0.3956679894179894 0.04389880952380952 0.10218253968253968
0 0.8426339285714286 0.03869047619047619 0.040426587301587304 0.07671957671957672
0 0.7600446428571429 0.03141534391534392 0.035962301587301584 0.062169312169312166
