0 0.22333829365079366 0.6273148148148148 0.037450396825396824 0.083994708994709
0 0.2591765873015873 0.623015873015873 0.049107142857142856 0.10317460317460317
0 0.29737103174603174 0.8721891534391535 0.046130952380952384 0.07242063492063493
0 0.46130952380952384 0.50380291005291 0.04513888888888889 0.16302910052910052
0 0.5120287698412699 0.7356150793650794 0.033482142857142856 0.11474867724867725
0 0.5333581349206349 0.7433862433862434 0.019593253968253968 0.08531746031746032
0 0.5587797619047619 0.7605820105820106 0.04513888888888889 0.08928571428571429
0 0.8733878968253969 0.8187830687830688 0.05233134920634921 0.07936507936507936
0 0.8529265873015873 0.7833994708994709 0.032242063492063495 0.07142857142857142
0 0.4255952380952381 0.26339285714285715 0.039186507936507936 0.12533068783068782
0 0.3482142857142857 0.18353174603174602 0.04712301587301587 0.056216931216931214
