0 0.1284722222222222 0.3100198412698413 0.046130952380952384 0.16435185185185186
0 0.14087301587301587 0.3468915343915344 0.036210317460317464 0.07208994708994709
0 0.29228670634920634 0.2488425925925926 0.05431547619047619 0.13326719576719576
0 0.4652777777777778 0.2701719576719577 0.06349206349206349 0.14153439153439154
0 0.4749503968253968 0.33201058201058203 0.031746031746031744 0.06084656084656084
0 0.482390873015873 0.4088955026455027 0.07093253968253968 0.11937830687830688
0 0.24838789682539683 0.656415343915344 0.047371031746031744 0.20238095238095238
0 0.9440724206349206 0.3115079365079365 0.024057539682539684 0.1335978835978836
0 0.9665178571428571 0.32159391534391535 0.06696428571428571 0.11541005291005291
0 0.8483382936507936 0.3318452380952381 0.03695436507936508 0.049933862433862435
0 0.8546626984126984 0.37218915343915343 0.06101190476190476 0.044642857142857144
