0 0.17609126984126985 0.4603174603174603 0.02132936507936508 0.0667989417989418
0 0.1328125 0.4503968253968254 0.04538690476190476 0.07142857142857142
0 0.3384176587301587 0.08234126984126984 0.02554563492063492 0.10449735449735449
0 0.376984126984127 0.04513888888888889 0.03571428571428571 0.08234126984126984
0 0.4232390873015873 0.05886243386243386 0.027529761904761904 0.07142857142857142
0 0.3851686507936508 0.11507936507936507 0.041666666666666664 0.057539682539682536
0 0.1423611111111111 0.7022156084656085 0.041666666666666664 0.07837301587301587
0 0.15674603174603174 0.6979166666666666 0.046130952380952384 0.09292328042328042
0 0.34164186507936506 0.7190806878306878 0.05133928571428571 0.12466931216931217
0 0.3949652777777778 0.7119708994708994 0.04141865079365079 0.15608465608465608
0 0.6179315476190477 0.6119378306878307 0.043402777777777776 0.148478835978836
0 0.6594742063492064 0.62880291005291 0.05009920634920635 0.1359126984126984
0 0.8292410714285714 0.22503306878306878 0.07514880952380952 0.09292328042328042
0 0.8949652777777778 0.19427910052910052 0.04389880952380952 0.1531084656084656
0 0.955109126984127 0.3738425925925926 0.046130952380952384 0.07837301587301587
0 0.8607390873015873 0.6071428571428571 0.05233134920634921 0.08068783068783068
0 0.5896577380952381 0.1324404761904762 0.026041666666666668 0.11541005291005291
0 0.6153273809523809 0.13392857142857142 0.041666666666666664 0.11507936507936507
