0 0.28137400793650796 0.1076388888888889 0.05233134920634921 0.15376984126984128
0 0.04117063492063492 0.5588624338624338 0.06349206349206349 0.12367724867724868
0 0.41381448412698413 0.49255952380952384 0.047371031746031744 0.11144179894179894
0 0.3869047619047619 0.7190806878306878 0.03869047619047619 0.06316137566137567
0 0.48722718253968256 0.7341269841269841 0.02703373015873016 0.10978835978835978
0 0.5213293650793651 0.7341269841269841 0.09424603174603174 0.10383597883597884
0 0.5226934523809523 0.17162698412698413 0.033482142857142856 0.1474867724867725
0 0.6159474206349206 0.18584656084656084 0.05133928571428571 0.11441798941798942
0 0.5533234126984127 0.18501984126984128 0.053075396825396824 0.12863756613756613
0 0.7723214285714286 0.3083664021164021 0.05357142857142857 0.09689153439153439
0 0.8839285714285714 0.6392195767195767 0.03571428571428571 0.12169312169312169
0 0.9480406746031746 0.6848544973544973 0.047867063492063495 0.07473544973544974
0 0.580109126984127 0.384755291005291 0.056051587301587304 0.08763227513227513
