0 0.1793154761904762 0.18501984126984128 0.025297619047619048 0.13326719576719576
0 0.17584325396825398 0.034722222222222224 0.027777777777777776 0.06018518518518518
0 0.19506448412698413 0.32919973544973546 0.036458333333333336 0.07242063492063493
0 0.24069940476190477 0.298776455026455 0.03993055555555555 0.09623015873015874
0 0.5296378968253969 0.10813492063492064 0.03298611111111111 0.0958994708994709
0 0.47532242063492064 0.5636574074074074 0.037450396825396824 0.10615079365079365
0 0.24032738095238096 0.5128968253968254 0.03571428571428571 0.06613756613756613
0 0.25111607142857145 0.7380952380952381 0.037450396825396824 0.14682539682539683
0 0.3237847222222222 0.8649140211640212 0.029513888888888888 0.10218253968253968
0 0.4495287698412698 0.6456679894179894 0.022569444444444444 0.0744047619047619
0 0.6812996031746031 0.34424603174603174 0.03968253968253968 0.08994708994708994
0 0.8616071428571429 0.45849867724867727 0.03571428571428571 0.07837301587301587
0 0.7912946428571429 0.5122354497354498 0.033482142857142856 0.12301587301587301
0 0.9376240079365079 0.18501984126984128 0.023065476190476192 0.06977513227513228
0 0.8938492063492064 0.3449074074074074 0.028769841269841268 0.11772486772486772
0 0.1619543650793651 0.6010251322751323 0.06101190476190476 0.09623015873015874
