0 0.3413938492063492 0.4880952380952381 0.10540674603174603 0.0958994708994709
0 0.2759176587301587 0.5170304232804233 0.1371527777777778 0.08763227513227513
0 0.2982390873015873 0.5798611111111112 0.0974702380952381 0.059854497354497355
0 0.4601934523809524 0.5704365079365079 0.10788690476190477 0.10846560846560846
0 0.12624007936507936 0.7000661375661376 0.06994047619047619 0.056878306878306875
0 0.19928075396825398 0.6769179894179894 0.06225198412698413 0.03373015873015873
0 0.18390376984126985 0.6365740740740741 0.0662202380952381 0.06084656084656084
0 0.21106150793650794 0.607308201058201 0.06746031746031746 0.049933862433862435
0 0.26178075396825395 0.7025462962962963 0.06870039682539683 0.054563492063492064
0 0.020709325396825396 0.7349537037037037 0.04092261904761905 0.049933862433862435
0 0.1888640873015873 0.1853505291005291 0.08655753968253968 0.04927248677248677
0 0.09573412698412699 0.057374338624338626 0.04563492063492063 0.06514550264550265
0 0.5600198412698413 0.4054232804232804 0.09523809523809523 0.09986772486772487
0 0.7433035714285714 0.4904100529100529 0.0882936507936508 0.07473544973544974
0 0.6225198412698413 0.41617063492063494 0.04513888888888889 0.1292989417989418
