0 0.16827876984126985 0.3680555555555556 0.04389880952380952 0.08531746031746032
0 0.13653273809523808 0.3741732804232804 0.029017857142857144 0.0882936507936508
0 0.28596230158730157 0.5165343915343915 0.03670634920634921 0.07142857142857142
0 0.3055555555555556 0.476521164021164 0.028769841269841268 0.06084656084656084
0 0.2602926587301587 0.71875 0.029513888888888888 0.12400793650793651
0 0.06101190476190476 0.7764550264550265 0.024305555555555556 0.07473544973544974
0 0.39037698412698413 0.44543650793650796 0.028769841269841268 0.05555555555555555
0 0.34759424603174605 0.3167989417989418 0.030009920634920636 0.06613756613756613
0 0.49069940476190477 0.5072751322751323 0.029017857142857144 0.08664021164021164
0 0.5804811507936508 0.3062169312169312 0.03050595238095238 0.08002645502645503
0 0.5510912698412699 0.33664021164021163 0.0248015873015873 0.0667989417989418
0 0.4913194444444444 0.9194775132275133 0.032242063492063495 0.09755291005291006
0 0.7831101190476191 0.8933531746031746 0.030009920634920636 0.04861111111111111
0 0.8211805555555556 0.5540674603174603 0.025297619047619048 0.08234126984126984
0 0.9432043650793651 0.4246031746031746 0.04563492063492063 0.06018518518518518
0 0.7999751984126984 0.21461640211640212 0.07614087301587301 0.11375661375661375
0 0.7532242063492064 0.23148148148148148 0.020833333333333332 0.09986772486772487
0 0.7213541666666666 0.24388227513227514 0.047371031746031744 0.13855820105820105
0 0.6037946428571429 0.05539021164021164 0.023065476190476192 0.0539021164021164
0 0.7624007936507936 0.08085317460317461 0.034722222222222224 0.059854497354497355
0 0.8814484126984127 0.15013227513227514 0.025793650793650792 0.07671957671957672
0 0.9921875 0.06580687830687831 0.015625 0.09788359788359788
0 0.7199900793650794 0.1402116402116402 0.03521825396825397 0.06613756613756613
