0 0.3098958333333333 0.48462301587301587 0.047867063492063495 0.12003968253968254
0 0.14459325396825398 0.5016534391534392 0.0496031746031746 0.056878306878306875
0 0.15066964285714285 0.45353835978835977 0.04092261904761905 0.105489417989418
0 0.25024801587301587 0.18039021164021163 0.03819444444444445 0.0916005291005291
0 0.2052331349206349 0.36243386243386244 0.040426587301587304 0.14153439153439154
0 0.48053075396825395 0.6999007936507936 0.054811507936507936 0.13855820105820105
0 0.46651785714285715 0.8156415343915344 0.053075396825396824 0.06845238095238096
0 0.45523313492063494 0.9055886243386243 0.046875 0.0744047619047619
0 0.5483630952380952 0.8705357142857143 0.05654761904761905 0.05853174603174603
0 0.5576636904761905 0.8306878306878307 0.031001984126984128 0.06746031746031746
0 0.7450396825396826 0.08035714285714286 0.046130952380952384 0.08994708994708994
0 0.7082093253968254 0.06812169312169312 0.03794642857142857 0.09126984126984126
0 0.9275793650793651 0.04513888888888889 0.036210317460317464 0.05787037037037037
0 0.7652529761904762 0.22585978835978837 0.033482142857142856 0.0701058201058201
0 0.7860863095238095 0.3419312169312169 0.05084325396825397 0.06084656084656084
0 0.7614087301587301 0.4685846560846561 0.0248015873015873 0.056878306878306875
0 0.9654017857142857 0.6665013227513228 0.04389880952380952 0.105489417989418
0 0.972718253968254 0.7080026455026455 0.02132936507936508 0.10515873015873016
0 0.29699900793650796 0.5122354497354498 0.016121031746031748 0.07076719576719577
0 0.11520337301587301 0.16815476190476192 0.030009920634920636 0.060515873015873016
