0 0.35280257936507936 0.6979166666666666 0.044890873015873016 0.15906084656084657
0 0.32626488095238093 0.7175925925925926 0.04389880952380952 0.12301587301587301
0 0.3159722222222222 0.7711640211640212 0.07738095238095238 0.10846560846560846
0 0.2357390873015873 0.44146825396825395 0.04141865079365079 0.08134920634920635
0 0.5783730158730159 0.2435515873015873 0.03819444444444445 0.10085978835978836
0 0.556671626984127 0.2804232804232804 0.03050595238095238 0.08664021164021164
0 0.6449652777777778 0.4211309523809524 0.047867063492063495 0.17162698412698413
0 0.7700892857142857 0.6514550264550265 0.042162698412698416 0.11507936507936507
0 0.7409474206349206 0.7076719576719577 0.051835317460317464 0.09523809523809523
0 0.8968253968253969 0.4234457671957672 0.017361111111111112 0.10813492063492064
0 0.8485863095238095 0.33118386243386244 0.037450396825396824 0.12202380952380952
0 0.6092509920634921 0.18088624338624337 0.02703373015873016 0.09391534391534391
