0 0.4445684523809524 0.1669973544973545 0.029513888888888888 0.07671957671957672
0 0.49677579365079366 0.1359126984126984 0.027777777777777776 0.0667989417989418
0 0.47606646825396826 0.021825396825396824 0.0220734126984127 0.04298941798941799
0 0.5559275793650794 0.30009920634920634 0.019097222222222224 0.08167989417989419
0 0.251984126984127 0.6064814814814815 0.03521825396825397 0.1388888888888889
0 0.28137400793650796 0.6514550264550265 0.05133928571428571 0.08597883597883597
0 0.7243303571428571 0.5130621693121693 0.0339781746031746 0.09821428571428571
0 0.7523561507936508 0.5615079365079365 0.05084325396825397 0.0582010582010582
0 0.7266865079365079 0.6846891534391535 0.05952380952380952 0.10152116402116403
0 0.7321428571428571 0.6884920634920635 0.04017857142857143 0.09391534391534391
0 0.20238095238095238 0.16352513227513227 0.022321428571428572 0.06712962962962964
