0 0.06721230158730158 0.2607473544973545 0.10267857142857142 0.22916666666666666
0 0.07118055555555555 0.08134920634920635 0.052083333333333336 0.14682539682539683
0 0.24764384920634921 0.15393518518518517 0.04290674603174603 0.21064814814814814
0 0.19481646825396826 0.2835648148148148 0.1148313492063492 0.17294973544973544
0 0.049479166666666664 0.7414021164021164 0.061755952380952384 0.1078042328042328
0 0.049479166666666664 0.8072089947089947 0.08606150793650794 0.06547619047619048
0 0.4131944444444444 0.38310185185185186 0.05406746031746032 0.1583994708994709
0 0.40513392857142855 0.6471560846560847 0.03794642857142857 0.13161375661375663
0 0.5100446428571429 0.5853174603174603 0.03695436507936508 0.0787037037037037
0 0.8051835317460317 0.22040343915343916 0.061755952380952384 0.105489417989418
0 0.6571180555555556 0.031746031746031744 0.03695436507936508 0.06283068783068783
0 0.9530009920634921 0.08697089947089948 0.05084325396825397 0.09060846560846561
0 0.9680059523809523 0.10499338624338625 0.06101190476190476 0.06845238095238096
0 0.7776537698412699 0.873015873015873 0.06572420634920635 0.14285714285714285
