0 0.0679563492063492 0.041666666666666664 0.030753968253968252 0.08267195767195767
0 0.09536210317460317 0.05588624338624339 0.044890873015873016 0.10515873015873016
0 0.08990575396825397 0.16087962962962962 0.02703373015873016 0.09226190476190477
0 0.07229662698412699 0.2838955026455027 0.04389880952380952 0.08167989417989419
0 0.10639880952380952 0.2896825396825397 0.025297619047619048 0.0667989417989418
0 0.09449404761904762 0.6383928571428571 0.03273809523809524 0.06316137566137567
0 0.3162202380952381 0.361276455026455 0.03125 0.0916005291005291
0 0.3185763888888889 0.42658730158730157 0.04836309523809524 0.056216931216931214
0 0.44717261904761907 0.4399801587301587 0.032242063492063495 0.09358465608465609
0 0.2411954365079365 0.7840608465608465 0.019593253968253968 0.07605820105820106
0 0.34685019841269843 0.7041997354497355 0.033482142857142856 0.07308201058201058
0 0.30791170634920634 0.7161044973544973 0.04538690476190476 0.06316137566137567
0 0.4088541666666667 0.6253306878306878 0.03149801587301587 0.07671957671957672
0 0.41121031746031744 0.6871693121693122 0.03869047619047619 0.046957671957671955
0 0.6667906746031746 0.7242063492063492 0.04439484126984127 0.12367724867724868
0 0.6695188492063492 0.8060515873015873 0.03993055555555555 0.050595238095238096
0 0.9398561507936508 0.93369708994709 0.026537698412698412 0.06779100529100529
0 0.9071180555555556 0.7341269841269841 0.04092261904761905 0.051587301587301584
0 0.7182539682539683 0.3177910052910053 0.021825396825396824 0.05092592592592592
