0 0.12214781746031746 0.6622023809523809 0.033482142857142856 0.11673280423280423
0 0.055431547619047616 0.25727513227513227 0.04439484126984127 0.10383597883597884
0 0.41592261904761907 0.36607142857142855 0.031746031746031744 0.10317460317460317
0 0.5089285714285714 0.24322089947089948 0.06299603174603174 0.2013888888888889
0 0.6125992063492064 0.4503968253968254 0.03521825396825397 0.21164021164021163
0 0.6318204365079365 0.4489087301587302 0.0835813492063492 0.21461640211640212
0 0.4939236111111111 0.7405753968253969 0.04439484126984127 0.13988095238095238
0 0.4539930555555556 0.7341269841269841 0.047867063492063495 0.13624338624338625
0 0.5498511904761905 0.8422619047619048 0.07093253968253968 0.11243386243386243
0 0.7560763888888888 0.781415343915344 0.05084325396825397 0.11838624338624339
0 0.7430555555555556 0.3039021164021164 0.03968253968253968 0.0787037037037037
