0 0.2874503968253968 0.2531415343915344 0.05704365079365079 0.12466931216931217
0 0.2535962301587302 0.4019510582010582 0.03447420634920635 0.08234126984126984
0 0.330109126984127 0.513723544973545 0.03869047619047619 0.13525132275132276
0 0.35441468253968256 0.812665343915344 0.028273809523809524 0.09623015873015874
0 0.44742063492063494 0.6891534391534392 0.028769841269841268 0.11838624338624339
0 0.4254712301587302 0.6833664021164021 0.040426587301587304 0.1359126984126984
0 0.5359623015873016 0.5119047619047619 0.03422619047619048 0.08994708994708994
0 0.8035714285714286 0.6545965608465608 0.03869047619047619 0.08167989417989419
0 0.5590277777777778 0.9513888888888888 0.028273809523809524 0.06613756613756613
0 0.5050843253968254 0.9447751322751323 0.030009920634920636 0.07605820105820106
0 0.925843253968254 0.46378968253968256 0.03273809523809524 0.07705026455026455
0 0.08147321428571429 0.6299603174603174 0.04092261904761905 0.07076719576719577
