0 0.025669642857142856 0.5267857142857143 0.04389880952380952 0.09854497354497355
0 0.011532738095238096 0.6192129629629629 0.022569444444444444 0.07374338624338625
0 0.16344246031746032 0.5649801587301587 0.03571428571428571 0.07903439153439154
0 0.08990575396825397 0.6942791005291006 0.02703373015873016 0.05919312169312169
0 0.12512400793650794 0.769510582010582 0.03298611111111111 0.06547619047619048
0 0.21825396825396826 0.8029100529100529 0.032242063492063495 0.10912698412698413
0 0.4758184523809524 0.39269179894179895 0.043402777777777776 0.14054232804232805
0 0.5467509920634921 0.20122354497354497 0.023561507936507936 0.12533068783068782
0 0.5334821428571429 0.22387566137566137 0.03968253968253968 0.1402116402116402
0 0.5472470238095238 0.5304232804232805 0.03050595238095238 0.11441798941798942
0 0.5718005952380952 0.5823412698412699 0.07614087301587301 0.09523809523809523
0 0.5615079365079365 0.8194444444444444 0.03571428571428571 0.08531746031746032
0 0.6052827380952381 0.8118386243386243 0.044890873015873016 0.09325396825396826
0 0.5297619047619048 0.8802910052910053 0.034722222222222224 0.0992063492063492
0 0.8293650793650794 0.39880952380952384 0.031746031746031744 0.08531746031746032
0 0.8818204365079365 0.4973544973544973 0.029513888888888888 0.07473544973544974
0 0.8668154761904762 0.2349537037037037 0.03521825396825397 0.10681216931216932
0 0.9434523809523809 0.18584656084656084 0.042162698412698416 0.1130952380952381
0 0.9655257936507936 0.21081349206349206 0.049107142857142856 0.13392857142857142
0 0.9640376984126984 0.2873677248677249 0.06349206349206349 0.051587301587301584
