0 0.2092013888888889 0.33796296296296297 0.031001984126984128 0.09457671957671958
0 0.2994791666666667 0.3869047619047619 0.037450396825396824 0.11706349206349206
0 0.3177083333333333 0.37880291005291006 0.021825396825396824 0.105489417989418
0 0.30357142857142855 0.20667989417989419 0.023809523809523808 0.062169312169312166
0 0.20386904761904762 0.14930555555555555 0.031746031746031744 0.09226190476190477
0 0.24330357142857142 0.18287037037037038 0.032242063492063495 0.08531746031746032
0 0.23115079365079366 0.1531084656084656 0.025297619047619048 0.05357142857142857
0 0.2130456349206349 0.01488095238095238 0.036210317460317464 0.0291005291005291
0 0.3211805555555556 0.7280092592592593 0.03125 0.06977513227513228
0 0.5126488095238095 0.8740079365079365 0.021825396825396824 0.056216931216931214
0 0.535094246031746 0.8649140211640212 0.019593253968253968 0.054563492063492064
0 0.4915674603174603 0.6236772486772487 0.014384920634920634 0.061507936507936505
0 0.5125248015873016 0.6461640211640212 0.033482142857142856 0.03835978835978836
0 0.5519593253968254 0.40046296296296297 0.07614087301587301 0.11441798941798942
0 0.5114087301587301 0.34970238095238093 0.027777777777777776 0.10681216931216932
0 0.47371031746031744 0.2569444444444444 0.029265873015873016 0.08465608465608465
0 0.6149553571428571 0.34226190476190477 0.023561507936507936 0.052248677248677246
0 0.5988343253968254 0.3219246031746032 0.026041666666666668 0.0744047619047619
0 0.6028025793650794 0.08234126984126984 0.03050595238095238 0.11243386243386243
0 0.5636160714285714 0.11805555555555555 0.036458333333333336 0.0992063492063492
0 0.5809771825396826 0.1023478835978836 0.015625 0.055224867724867725
0 0.4939236111111111 0.05009920634920635 0.037450396825396824 0.04794973544973545
0 0.5513392857142857 0.057374338624338626 0.021825396825396824 0.05324074074074074
0 0.990203373015873 0.09738756613756613 0.019593253968253968 0.11144179894179894
0 0.9734623015873016 0.3116732804232804 0.053075396825396824 0.13988095238095238
0 0.9131944444444444 0.3816137566137566 0.023809523809523808 0.08928571428571429
0 0.9337797619047619 0.42080026455026454 0.0496031746031746 0.050595238095238096
0 0.9429563492063492 0.49272486772486773 0.039186507936507936 0.08862433862433862
0 0.9835069444444444 0.5160383597883598 0.03298611111111111 0.07242063492063493
0 0.9821428571428571 0.6587301587301587 0.03571428571428571 0.12367724867724868
0 0.8722718253968254 0.6665013227513228 0.023809523809523808 0.049933862433862435
0 0.8653273809523809 0.6980820105820106 0.037698412698412696 0.046957671957671955
0 0.8722718253968254 0.7933201058201058 0.018849206349206348 0.05291005291005291
0 0.863343253968254 0.8349867724867724 0.03819444444444445 0.042328042328042326
0 0.9114583333333334 0.8010912698412699 0.0248015873015873 0.045304232804232805
0 0.45126488095238093 0.6691468253968254 0.022569444444444444 0.040013227513227514
0 0.724578373015873 0.3758267195767196 0.04092261904761905 0.06712962962962964
0 0.33779761904761907 0.8725198412698413 0.017361111111111112 0.054563492063492064
0 0.8995535714285714 0.7761243386243386 0.013888888888888888 0.03835978835978836
