0 0.22805059523809523 0.18816137566137567 0.04092261904761905 0.15476190476190477
0 0.22395833333333334 0.4353505291005291 0.042162698412698416 0.08630952380952381
0 0.38430059523809523 0.19775132275132276 0.03050595238095238 0.08597883597883597
0 0.408234126984127 0.19808201058201058 0.020833333333333332 0.0667989417989418
0 0.5990823412698413 0.06167328042328042 0.04389880952380952 0.11541005291005291
0 0.6319444444444444 0.22123015873015872 0.039186507936507936 0.06084656084656084
0 0.3551587301587302 0.7028769841269841 0.04365079365079365 0.15376984126984128
0 0.3323412698412698 0.7733134920634921 0.03273809523809524 0.0916005291005291
0 0.39384920634920634 0.7202380952380952 0.06101190476190476 0.11441798941798942
0 0.6493055555555556 0.7123015873015873 0.039186507936507936 0.10449735449735449
0 0.734375 0.6537698412698413 0.06498015873015874 0.12764550264550265
0 0.8093998015873016 0.5702711640211641 0.03050595238095238 0.06382275132275132
0 0.904265873015873 0.20122354497354497 0.03571428571428571 0.1359126984126984
0 0.9446924603174603 0.2693452380952381 0.08531746031746032 0.08167989417989419
0 0.8609871031746031 0.21808862433862433 0.031001984126984128 0.0763888888888889
0 0.925843253968254 0.07457010582010581 0.05357142857142857 0.09689153439153439
0 0.988219246031746 0.05886243386243386 0.023561507936507936 0.11441798941798942
0 0.6841517857142857 0.845568783068783 0.023561507936507936 0.042328042328042326
0 0.9125744047619048 0.6595568783068783 0.043402777777777776 0.0744047619047619
