0 0.44841269841269843 0.30853174603174605 0.03819444444444445 0.13822751322751323
0 0.4507688492063492 0.30539021164021163 0.019593253968253968 0.08300264550264551
0 0.40339781746031744 0.40046296296296297 0.026537698412698412 0.06547619047619048
0 0.5230654761904762 0.45701058201058203 0.027281746031746032 0.09391534391534391
0 0.48735119047619047 0.7457010582010583 0.03968253968253968 0.18518518518518517
0 0.45597718253968256 0.7113095238095238 0.023065476190476192 0.07076719576719577
0 0.5267857142857143 0.7645502645502645 0.057539682539682536 0.13095238095238096
0 0.619171626984127 0.5729166666666666 0.040426587301587304 0.10615079365079365
0 0.47643849206349204 0.9383267195767195 0.031746031746031744 0.09358465608465609
0 0.7341269841269841 0.5069444444444444 0.042162698412698416 0.08597883597883597
0 0.5357142857142857 0.10664682539682539 0.02132936507936508 0.1345899470899471
0 0.6536458333333334 0.24966931216931218 0.047371031746031744 0.082010582010582
0 0.5461309523809523 0.1650132275132275 0.037698412698412696 0.07936507936507936
